,0,1,2,3,4
0,-0.8627790312427004,0.5055792438410964,0.0012147643783954267,-3.817227591884283e-06,0.000704114981030491
1,-0.5052778117935862,-0.8623104924119647,-0.0002671183615394103,1.009789485696386e-06,0.03338976238432148
2,0.009571313217106844,0.016912836705168396,-0.5773506890434494,-0.5773502695331263,0.5770226980361904
3,-0.012364161922930399,-0.020120749658122102,1.0577337006603815e-06,-0.707106782509491,-0.7067123043085463
4,0.00788629318732301,0.01092493757783619,0.8164953367014542,-0.40824828766757953,0.4080283726408643
