,0,1,2,3,4
0,-0.9999999831784141,-0.0001580346409314038,9.298663587115206e-05,4.659281448577644e-06,-2.262467064495021e-08
1,0.00015824838565320538,-0.9999973374106357,0.0023021051845910426,2.099517166062368e-05,-9.79647549180469e-08
2,9.262257582758273e-05,0.0023021198608714293,0.9999973458290797,-2.43828577009968e-08,1.1381293312665408e-10
3,-4.6559611776591535e-06,-2.09959082240901e-05,2.4383551459694774e-08,-0.9999999997687465,-1.0811014309579084e-12
4,-2.260917804673138e-08,-9.796833159354693e-08,1.1381633119367839e-10,1.081102898788177e-12,0.999999999999995
