,0,1,2,3,4
0,-0.9998195058944244,-0.01880195694048441,-0.002165667161070488,0.0016588954110602714,-4.6750255089823794e-09
1,0.018797586851650772,-0.9995250948912984,-0.015185562224525233,-0.019121561416915758,-4.512474005876915e-11
2,0.0018023189306574457,0.015932506240640743,-0.9991658069118586,-0.037557917800892425,1.7421445232935327e-09
3,-0.002087584263220432,0.01849936060087691,0.03784704590647713,-0.9991101124327867,-3.6821008613750794e-11
4,-4.67655022522659e-09,-1.6007850177817782e-10,1.7312750110069875e-09,3.553560162214472e-11,1.0
