,0,1,2,3,4
0,-0.9999850176505014,-0.004794248487992648,-2.319056527308122e-05,0.002641802066700238,5.279302458726545e-09
1,0.004695242006838522,-0.9992626740827946,-0.011691480946550236,-0.03626805978649259,6.139402901033275e-11
2,0.00046608366065487743,0.005092247230666756,-0.9841929911767585,0.1770254442240098,-4.490865598511818e-09
3,0.0027752374754331645,-0.037751720285042326,0.17671294478339467,0.9835342601142351,3.9439317310091853e-10
4,5.27993368691164e-09,1.2441666809254193e-10,-4.4887326082646085e-09,3.9537804999544185e-10,1.0
