,0,1,2,3,4
0,-0.9999664916262743,0.008031027451436154,0.0015868908954434675,1.0777478982630812e-08,-1.889585953957219e-08
1,-0.008180400994120022,-0.9729290105685403,-0.23095935017594965,4.56174216344118e-09,8.488650055131224e-10
2,0.0003109086926447285,0.23096459250758722,-0.9729621063245932,-1.813932118955526e-09,6.448183303116924e-09
3,1.0814998694229629e-08,4.770651152669822e-09,-7.284128927235663e-10,0.9999999999999999,1.0412668887091572e-16
4,-1.8890287110154608e-08,-5.116634724177022e-10,6.4998769860930565e-09,1.0734730369128512e-16,0.9999999999999998
