,0,1,2,3,4
0,-0.9999604493617575,-0.006924917813835037,-0.0011166781998902956,-0.005467929708889168,-6.895215980041018e-09
1,0.006410167402281347,-0.9961441073066208,0.01783265348733469,0.08566109794866486,-1.513034975263969e-10
2,0.0012357826180548555,-0.01782479543830848,-0.9998400668090668,0.0007683177365717117,2.7117959572270074e-12
3,0.006040058561593251,-0.08562265856155989,0.0007683115510647916,-0.9963090322439034,1.3384449884403837e-11
4,-6.894057583151918e-09,-1.972745420555336e-10,-2.300515702041394e-12,-1.140876779437385e-11,1.0
