,0,1,2,3,4
0,-0.9995744009615646,0.014763951068464677,0.020993883589018728,-0.0027151006880730285,0.013598815069026188
1,-0.02279531112093695,-0.9100108551587537,-0.4040154095190463,0.07589407813572792,-0.0487058010838413
2,-0.013460310558905496,0.40457313205997364,-0.9135168997076861,-0.03187406845605345,-0.024704626355349858
3,0.0014843317547924798,-0.08246870764893414,-0.0018403396095564377,-0.9965877018890746,0.0025049174699076087
4,0.012165834625230522,-0.03437677000504056,-0.04259451633235431,0.0054509940096897904,0.9984118508885055
