,0,1,2,3,4
0,-0.999996737616067,0.0023637203201003513,0.0002719248457482294,-0.0009293225215548147,2.125766798311527e-08
1,-0.0023590277774051837,-0.9999822252093652,0.0038612246373361486,-0.003882679173542227,8.58782137043509e-08
2,-0.00028104195233481745,-0.003860571744852145,-0.9999925084434886,-7.62385518195772e-06,1.6872375638303688e-10
3,-0.0009384884596570371,-0.003880473859002542,7.620865033991344e-06,0.9999920305202252,1.765993481352476e-10
4,2.1460400878947478e-08,8.582777671463344e-08,-1.68654416113251e-10,1.7659612701850634e-10,0.9999999999999961
