,0,1,2,3,4
0,-0.9999976356609059,0.0003209182342461817,0.002150740324978141,1.3824175392148694e-09,-3.7370413788320776e-07
1,-0.0002907629685482242,-0.9999018611505678,0.014006552649110902,5.978774475299976e-09,-2.7229025784958336e-06
2,-0.0021550242119420964,-0.014005894177229316,-0.9998995903584228,4.3360294532810175e-11,-1.9472039475062356e-08
3,-1.384246119413456e-09,-5.978351381975868e-09,4.3359299871982086e-11,-1.0,-8.398422969645046e-15
4,-3.745369362746353e-07,-2.7227881508321912e-06,1.947213458857399e-08,8.398656933479766e-15,0.9999999999962229
