,0,1,2,3,4
0,-0.9999983009927713,-0.0015281445075426782,0.0010309150917198352,-6.178783544666313e-09,9.132852316549403e-08
1,0.001549320002910246,-0.9997811575519692,0.02086232512521268,7.022335785278231e-08,1.3921744224066584e-06
2,-0.0009988088361824676,-0.020863886897344416,-0.9997818265023841,7.294833822908876e-10,1.4570482274737233e-08
3,6.2868428854088465e-09,-7.021376778595324e-08,7.293284933550246e-10,-0.9999999999999976,4.859896942282282e-14
4,8.91859974440283e-08,1.3923133156246088e-06,-1.4570844002445488e-08,-4.861052298397564e-14,0.9999999999990267
