,0,1,2,3,4
0,-0.9999469249458426,0.005543263571459707,0.007023453360474715,0.005107898121915844,1.0184940386866991e-08
1,-0.004220378976926596,-0.9893397817446232,0.11893475391399949,0.0839256156975076,5.8289371113162764e-08
2,0.000722569857854489,0.009270816096049976,-0.5238819881430185,0.8517400967201313,-4.621025239035248e-07
3,0.009370890322961678,0.14522437968671636,0.8434173687525135,0.517174253076935,2.5403952624570233e-07
4,8.383727873895361e-09,2.5002870787797995e-08,-4.6335270319676797e-07,2.5726455116893506e-07,0.9999999999998592
