,0,1,2,3,4
0,-0.9999962944426257,-0.0013399196425510995,0.00035409024977928855,-8.110663835614755e-09,-0.002343146701361075
1,0.001383390657391479,-0.9989490722754394,-0.038418613012318144,4.197524637668911e-08,-0.024956910957408363
2,-0.00046931587671908637,0.03772239572520429,-0.998902229853384,-2.9524998499372427e-08,0.027769331956237295
3,8.180424934873778e-09,-4.3058167075977325e-08,2.7901974883588393e-08,-0.9999999999999987,-9.203372245642888e-10
4,-0.0022971882627426388,-0.02599954761413611,0.02679962664369781,9.287703931292864e-10,0.9993000182436225
