,0,1,2,3,4
0,-0.997962513262276,0.05533360397150756,0.029739619984729574,-0.011161066164572861,-4.125787711400981e-10
1,-0.06088148511365936,-0.9736742602080919,-0.21562513510780143,0.041924704987902836,4.6742602085735604e-11
2,-0.01687355991922835,0.21636589326769498,-0.9759786424797601,-0.01915130881921938,4.0824696728425806e-10
3,0.008919073340276019,-0.045633622584907975,0.009329819734095782,-0.9988748555671318,1.854413680295946e-13
4,-4.0200546263342484e-10,-1.9980718553538392e-11,4.2078740654953446e-10,1.4392076990731116e-12,1.0
