,0,1,2,3,4
0,-0.9999994173655065,-6.648196407199222e-05,0.0010774269298322564,-5.24801704889971e-09,-8.339243375068653e-08
1,6.879638106658101e-05,-0.9999976902445137,0.002148201683700949,7.052292382573425e-08,-1.4889254733853316e-06
2,0.0010772816245734026,0.002148274555158126,0.9999971121861988,-7.29231351984694e-11,1.6442072030154778e-09
3,5.252787154407503e-09,-7.052256869553699e-08,7.292018419530573e-11,-0.9999999999999976,-5.228269478454933e-14
4,-8.32917237534305e-08,-1.488931110634492e-06,1.6441590078494507e-09,5.22831579439293e-14,0.9999999999988881
