,0,1,2,3,4
0,-0.9996160580829823,-0.015216730240477466,-0.008316761809250318,-0.01643883299523533,-0.014027964435050399
1,0.015642278939956036,-0.9982951255128906,-0.010218550843182074,0.021532781347472565,-0.05093213163489529
2,0.010609100563205387,0.009377987545182792,-0.9916945372587957,-0.12330585871426877,-0.03372106630345587
3,0.016217211775147167,-0.02000117991930405,0.12476600572212207,-0.9907435472729798,-0.04687880328225049
4,-0.012145145519258863,-0.05183917099480871,-0.028316095756371375,-0.04988980698385557,0.9969324960453023
