,0,1,2,3,4
0,-0.9998956177602045,0.011118940237383714,0.0010416167130818839,-0.009167212583943984,-1.4719812667449206e-08
1,-0.010781957091398642,-0.9992927536758878,3.2710901218996557e-06,-0.03602418411896369,-6.235770332482331e-08
2,-0.0011781090908792723,-0.0005051613874601644,-0.9998972891312251,0.014274734987634105,5.3104834230852535e-08
3,0.009545420063460304,0.03591805160122022,-0.014294271997816915,-0.9992069116619624,1.5703424728440124e-09
4,-1.5343040552569858e-08,-6.21795094812424e-08,5.313736307018449e-08,-1.5702854203930781e-09,0.9999999999999966
