,0,1,2,3,4
0,-0.9999878042093175,-0.004058468946589812,0.0028142960819113848,1.3714781486268103e-08,2.8131953393752276e-10
1,0.004022870272635276,-0.9999132589664347,-0.012541573172480808,-5.020399227664954e-07,7.712120287548842e-10
2,-0.0028649515522226904,0.012530098670033246,-0.9999173909278319,3.1663611689071052e-09,-4.4346741763227286e-12
3,-1.574332717598503e-08,5.01980389107867e-07,3.168868283935298e-09,-0.9999999999998739,-1.9151415547658075e-16
4,2.7820091195232714e-10,7.723424265240617e-10,4.4461877959982e-12,1.918208777204745e-16,1.0
